$ 1 0.000005 10.20027730826997 50 5 50 5e-11
b 96 32 268 881 0
x 124 58 244 61 4 24 Pi\sZero\s2W
207 100 100 130 100 4 3.3V
207 264 100 234 100 4 5V
207 100 140 130 140 4 GPIO2
207 264 140 234 140 4 5V
207 100 180 130 180 4 GPIO3
207 264 180 234 180 4 GND
207 100 220 130 220 4 GPIO4
207 264 220 234 220 4 GPIO14
207 100 260 130 260 4 GND
207 264 260 234 260 4 GPIO15
207 100 300 130 300 4 GPIO17
207 264 300 234 300 4 GPIO18
207 100 340 130 340 4 GPIO27
207 264 340 234 340 4 GND
207 100 380 130 380 4 GPIO22
207 264 380 234 380 4 GPIO23
207 100 420 130 420 4 3.3V
207 264 420 234 420 4 GPIO24
207 100 460 130 460 4 GPIO10
207 264 460 234 460 4 GND
207 100 500 130 500 4 GPIO9
207 264 500 234 500 4 GPIO25
207 100 540 130 540 4 GPIO11
207 264 540 234 540 4 GPIO8
207 100 580 130 580 4 GND
207 264 580 234 580 4 GPIO7
207 100 620 130 620 4 GPIO0
207 264 620 234 620 4 GPIO1
207 100 660 130 660 4 GPIO5
207 264 660 234 660 4 GND
207 100 700 130 700 4 GPIO6
207 264 700 234 700 4 GPIO12
207 100 740 130 740 4 GPIO13
207 264 740 234 740 4 GND
207 100 780 130 780 4 GPIO19
207 264 780 234 780 4 GPIO16
207 100 820 130 820 4 GPIO26
207 264 820 234 820 4 GPIO20
207 100 860 130 860 4 GND
207 264 860 234 860 4 GPIO21
x -367 -36 -127 -33 4 32 RFM9x\sBreakout
207 -416 -124 -416 -94 4 G1
207 -366 -124 -366 -94 4 G2
207 -316 -124 -316 -94 4 G3
207 -266 -124 -266 -94 4 G4
207 -216 -124 -216 -94 4 G5
207 -54 -124 -54 -94 4 ANT
207 -432 28 -432 -2 4 VIN
207 -382 28 -382 -2 4 GND
207 -332 28 -332 -2 4 EN
207 -282 28 -282 -2 4 G0
207 -232 28 -232 -2 4 SCK
207 -182 28 -182 -2 4 MISO
207 -132 28 -132 -2 4 MOSI
207 -82 28 -82 -2 4 CS
207 -32 28 -32 -2 4 RST
x -199 958 -97 961 4 24 HC-SR04
207 -220 892 -220 926 4 VCC
207 -168 892 -168 926 4 Trig
207 -116 892 -116 926 4 Echo
207 -64 892 -64 926 4 GND
b -257 892 -39 987 0
b -480 -128 -3 32 0
