$ 1 0.000005 10.20027730826997 50 5 50 5e-11
207 100 100 130 100 4 3.3V
207 264 100 234 100 4 5V
207 100 140 130 140 4 GPIO2
207 264 140 234 140 4 5V
207 100 180 130 180 4 GPIO3
207 264 180 234 180 4 GND
207 100 220 130 220 4 GPIO4
207 264 220 234 220 4 GPIO14
207 100 260 130 260 4 GND
207 264 260 234 260 4 GPIO15
207 100 300 130 300 4 GPIO17
207 264 300 234 300 4 GPIO18
207 100 340 130 340 4 GPIO27
207 264 340 234 340 4 GND
207 100 380 130 380 4 GPIO22
207 264 380 234 380 4 GPIO23
207 100 420 130 420 4 3.3V
207 264 420 234 420 4 GPIO24
207 100 460 130 460 4 GPIO10
207 264 460 234 460 4 GND
207 100 500 130 500 4 GPIO9
207 264 500 234 500 4 GPIO25
207 100 540 130 540 4 GPIO11
207 264 540 234 540 4 GPIO8
207 100 580 130 580 4 GND
207 264 580 234 580 4 GPIO7
207 100 620 130 620 4 GPIO0
207 264 620 234 620 4 GPIO1
207 100 660 130 660 4 GPIO5
207 264 660 234 660 4 GND
207 100 700 130 700 4 GPIO6
207 264 700 234 700 4 GPIO12
207 100 740 130 740 4 GPIO13
207 264 740 234 740 4 GND
207 100 780 130 780 4 GPIO19
207 264 780 234 780 4 GPIO16
207 100 820 130 820 4 GPIO26
207 264 820 234 820 4 GPIO20
207 100 860 130 860 4 GND
207 264 860 234 860 4 GPIO21
b 96 32 268 881 0
x 124 58 244 61 4 24 Pi\sZero\s2W
